17955
71070
16259
4513
144620
57268
64971
17313
27994
13359
12231
29670
1465
4429
12790
26324
61132
54085
6222
20969
1050
3227
24520
908
14549
11882
35326
15541
31112
3412
42
5054
29079
14594
17697
20930
12875
13447
4843
390
13550
13145
12090
9821
12735
10835
14494
9932
12903
16364
1930905
23258
11362
159042
362400
15606
1395
9684
24154
12753
184106
375566
5899
14532
16377
19359
12914
1354
10947
1378
136335
21345
64882
21534
9611
35563
34743
12493
523
1218
17405
12307
199
22148
10489
4556
102886
4615
20489
102157
25751
15323
5474
12542
833
309
15693
13093
11252
12468
99454
18014
3281
1031
77986
71745
20183
219928
6506
12927
549
7664
1450342
3250
4777
890
2585
30079
49111
35260
13233
126154
11178
73254
114
7999
11056
19410
1379
49621
938
11681
20624
13629
11934
7599
81766
39242
12818
948
946
26754
25656
17282
14990
1372
11881
6764
6305
84910
9498
36
773
32629
9204
15015
15808
16953
4608
6380
124204
82634
9209
386324
13519
5892
899
14263
25711
13015
34897
22183
33260
1284
32770
53848
20
315
39261
50314
1220
72714
526
23668
23917
45321
16816
1639
14355
12121
47
12196
22732
12118
18167
7594
5004
6381
18279
7792
12037
577
167
13750
192
21661
1329
531
6999
11129
11775
75985
105839
82254
1376
4461
6906
181750
6187
1554
68216
5575
232087
57145
15412
15856
25597
33905
1124
21545
6808
12991
7852
10256
1473
20077
17323
57674
37273
125941
13661
6313
13687
45393
186
14487
1152
13927
243
8223
545
13096
116552
476
27966
3521
10604
15313
97287
5918
263400
7913
471
12094
27050
4549
24640
127849
23989
12496
13605
355
1483
28788
11660
1112
14833
11173
18009
4815
507
23124
30444
18191
1092
108408
22900
12910
1232
886
29193
15597
65142
98702
408
8713
17777
1760748
70790
11990
7675
14188
1157
110941
13890
1156
1268
44818
3421
47339
111069
17030
11989
26012
127512
23773
21598
1188
13407
13108
13424
700
13740
396
32319
980
381
124069
11637
44846
15085
68935
2562
184240
47569
22218
9718
27315
19842
13308
19954
12641
60031
22424
8164
7797
9262
66081
102
65189
131690
837
3347
27776
12268
26191
13337
39120
7357
13459
308
10784
5705
11930
12793
133700
885559
9307
51304
149350
13212
7206
98639
145078
9497
11806
602
11192
103535
56006
20445
19666
1073
4734
16564
143883
7874
12458
28039
10800
20500
52719
502393
1020676
648
53085
38752
140479
575
13176
3524
13630
151325
13073
2524
1137
14924
11987
14969
43192
18170
11945
6120
564216
14669
17228
73304
3218
8046
4561
11355
123
11134
82441
15936
1107
12010
4749
733
10786
9436
16683
31853
21841
34973
5515
15261
14501
35085
28675
25864
2534
9264
7297
12796
4640
29910
69953
24874
9474
80769
105
170319
44353
14714
5212
30525
4829
30863
10383
1948043
3298
30559
44078
12134
318
12343
15368
14197
6206
12190
141142
5606
32603
73405
6900
15146
23220
4855
12053
2577
8643
14218
14828
8025
16811
44499
1177
210
57328
985
29577
16324
8115
26289
804
9335
18221
9108
812
695248
7723
608
1305
25708
16699
5622
11956
44065
37983
17085
1211
1233
78624
14250
143888
23119
74191
19336
12906
5874
24677
21639
449
639
6732
585
35966
68829
41127
28841
24535
16126
132842
7095
10192
50167
15430
1049
1543
180
15608
123278
11846
11446
554
332
148402
13146
168809
751
28929
21476
31748
13283
239
24355
6793
788
1130
1411
17710
16626
14265
25791
4839
31813
12833
12055
38137
18063
14905
466
85776
105023
9652
24321
46034
27720
1404
24496
116162
13115
14582
176025
161178
2623
7796
16625
4310
10289
9263
20758
115446
8334
12222
13872
15456
25883
34219
27553
11664
189
6602
20622
5939
57918
42705
884
514
118190
1071
8041
32220
35908
21387
16671
7542
84006
22351
7920
33031
7319
124918
16148
13458
21291
42728
10057
14854
3582
14253
6293
811401
17835
11913
29101
14183
75509
26199
12476
37467
37842
14970
845
12575
31671
12159
11954
2540
19646
2541
32873
395
23791
168590
1222
33123
46684
1492
10074
28783
12049
16297
38689
51152
24845
7909
20329
205
78902
106066
20885
148
15420
76770
4918
631
173414
22366
1448
17689
15577
22876
40088
27780
9870
5991
4547
6856
26200
51231
9707
19182
81816
16189
26797
13986
337
37331
7521
75206
12119
45909
933944
17779
15071
34618
13815
12232
998
36462
30828
7670
82051
349
64674
6375
13028
110119
11171
12028
59566
16020
1407
8276
32783
13924
721
16983
2593
11100
20592
15258
16858
7794
17031
22214
10635
1441
5854
1742184
156910
7633
10824
25353
1271
21831
16350
4529
16254
13101
10324
11902
25
17741
7332
5222
13227
23026
131078
144582
121264
11259
129011
13261
124164
4392
31052
28154
29937
27833
7680
16875
20184
14730
20779
435580
39230
122882
416810
56898
17297
769
24537
3423
52135
695
7893
885
5235
36438
29816
630
10853
1086
14196
12568
23468
41961
830
20023
11238
1289
4145
13141
120668
155079
27704
18176
107254
15314
39324
13047
76901
147002
8832
47405
1307
4987
12450
4472
140749
11998
13457
49075
19897
2232344
49886
11792
1231
8510
4720
16167
1501
10225
8702
21833
34938
4797
15153
3184
12862
4532
11764
13463
14102
40886
36314
18222
8515
1394
13231
1223
1498
41096
4731
26629
164722
6518
1283376
15506
12621
7025
4920
